,Name,emoji,count
0, +91 70404 76191,🧨,2
1, +91 70404 76191,🏰,1
2, +91 70404 76191,👍,1
3, +91 70404 76191,🚧,1
4, +91 70588 44531,👆,3
5, +91 70588 44531,📌,1
6, +91 72185 01271,🤔,2
7, +91 72185 01271,👍,1
8, +91 72192 22984,👆,1
9, +91 73785 77678,😄,1
10, +91 73850 58672,🏻,1
11, +91 73850 58672,👉,1
12, +91 75587 57108,🌟,3
13, +91 75587 57108,🏻,1
14, +91 75587 57108,👍,1
15, +91 75587 57108,😅,1
16, +91 75593 57999,🏻,1
17, +91 75593 57999,👍,1
18, +91 76660 44063,✨,1
19, +91 76660 44063,❣,1
20, +91 76660 44063,💐,1
21, +91 76660 44063,💕,1
22, +91 76660 44063,💫,1
23, +91 77218 78135,▪,2
24, +91 77218 78135,⚜,2
25, +91 77218 78135,✨,2
26, +91 77219 41423,🏻,1
27, +91 77219 41423,👍,1
28, +91 77438 56285,👍,2
29, +91 77568 54806,🤦,2
30, +91 82081 06617,🙏,3
31, +91 82081 06617,🎉,1
32, +91 82081 06617,🎊,1
33, +91 83089 61269,🏻,1
34, +91 83089 61269,👍,1
35, +91 83172 68558,🏻,1
36, +91 83172 68558,👍,1
37, +91 84210 15003,❌,1
38, +91 86001 15850,🏻,1
39, +91 86001 15850,👍,1
40, +91 86009 43596,🏻,3
41, +91 86009 43596,👍,2
42, +91 86009 43596,👈,1
43, +91 86688 52944,♦,7
44, +91 86688 52944,🔴,2
45, +91 86689 11844,💯,2
46, +91 87887 93120,🏻,1
47, +91 87887 93120,👍,1
48, +91 88505 86856,🏻,1
49, +91 88505 86856,👍,1
50, +91 88505 86856,😇,1
51, +91 88884 99912,🏼,1
52, +91 88884 99912,👆,1
53, +91 88884 99912,👍,1
54, +91 88888 79800,🏻,2
55, +91 88888 79800,✌,1
56, +91 88888 79800,👍,1
57, +91 89995 20802,😂,3
58, +91 89995 20802,🛑,2
59, +91 89995 20802,🏠,1
60, +91 89995 20802,🏻,1
61, +91 89995 20802,👍,1
62, +91 90043 70887,🏻,1
63, +91 90043 70887,👍,1
64, +91 90211 40661,🤔,2
65, +91 90211 40661,👍,1
66, +91 91464 66755,👍,2
67, +91 91582 35577,💯,1
68, +91 93077 56290,👍,2
69, +91 94040 89159,✅,4
70, +91 95617 91697,😊,1
71, +91 96896 78059,👍,1
72, +91 96896 78059,😊,1
73, +91 98347 87849,🏻,1
74, +91 98347 87849,👍,1
75, +91 99608 52641,✨,4
76, +91 99608 52641,♂,1
77, +91 99608 52641,😊,1
78, +91 99608 52641,🤷,1
79, +91 99751 77317,🛑,2
80, +91 99754 60747,😑,1
81, +91 99754 60747,🤔,1
82, Prachi It,🏻,1
83, Prachi It,👍,1
84, Prakash R Nage Coep,🙏,1
